   1   0.1260  1.000  0.020 2.0 3.0
     7  20  22  75  21   5   6
   2  -0.4630  1.850  0.120 2.0 5.0
    10  20  24  75  22  23   7   8   9
   3   0.1260  1.000  0.020 2.0 3.0
     7  20  22  75  21   5   6
   4   0.0350  1.800  0.060 3.0 2.0
    11  11  13  20  26  75  10  12
   5   0.0480  1.375  0.038 2.0 5.0
    10  20  24  75  22  23   7   8   9
   6  -0.0980  1.800  0.060 1.0 2.0
    24  75  22  23
   7   0.0380  1.375  0.038 3.0 3.0
    11  11  13  20  22  75  21  10  12
   8   0.0380  1.375  0.038 3.0 3.0
    11  11  13  20  22  75  21  10  12
   9  -0.0300  1.850  0.120 1.0 1.0
    22  75  21
  10  -0.0020  1.850  0.120 1.0 0.0
    21  75
  11   0.0640  1.375  0.038 1.0 0.0
    21  75
  12  -0.0020  1.850  0.120 1.0 0.0
    21  75
  13   0.0640  1.375  0.038 1.0 0.0
    21  75
  14  -0.2640  1.850  0.120 1.0 0.0
    21  75
  15   0.1020  1.375  0.038 1.0 0.0
    21  75
  16  -0.2640  1.850  0.120 1.0 0.0
    21  75
  17   0.1020  1.375  0.038 1.0 0.0
    21  75
  18   0.4620  1.850  0.120 1.0 0.0
    21  75
  19  -0.5280  1.650  0.150 1.0 0.0
    21  75
  20   0.3340  1.000  0.020 1.0 0.0
    21  75
  21   0.6160  1.850  0.120 1.0 3.0
    29  75  28  26  27
  22  -0.5040  1.600  0.200 1.0 0.0
    26  75
  23  -0.4630  1.750  0.160 1.0 2.0
    31  75  29  30
  24   0.1260  1.000  0.020 1.0 3.0
    29  75  28  26  27
  25   0.0350  1.800  0.060 1.0 0.0
    33  75
  26   0.0320  1.375  0.038 1.0 2.0
    31  75  29  30
  27   0.0320  1.375  0.038 1.0 2.0
    31  75  29  30
  28   0.6160  1.850  0.120 1.0 3.0
    36  75  35  33  34
  29  -0.5040  1.600  0.200 1.0 0.0
    33  75
  30  -0.4630  1.750  0.160 1.0 2.0
    38  75  36  37
  31   0.1260  1.000  0.020 1.0 3.0
    36  75  35  33  34
  32   0.0350  1.800  0.060 1.0 0.0
    40  75
  33   0.0320  1.375  0.038 1.0 2.0
    38  75  36  37
  34   0.0320  1.375  0.038 1.0 2.0
    38  75  36  37
  35   0.6160  1.850  0.120 2.0 3.0
    42  54  56  75  55  40  41
  36  -0.5040  1.600  0.200 1.0 0.0
    40  75
  37  -0.4630  1.750  0.160 2.0 5.0
    45  54  58  75  56  57  42  43  44
  38   0.1260  1.000  0.020 2.0 3.0
    42  54  56  75  55  40  41
  39   0.0350  1.800  0.060 3.0 2.0
    46  46  48  54  60  75  45  47
  40   0.0480  1.375  0.038 2.0 5.0
    45  54  58  75  56  57  42  43  44
  41  -0.1000  1.800  0.060 1.0 2.0
    58  75  56  57
  42   0.1080  1.375  0.038 3.0 3.0
    46  46  48  54  56  75  55  45  47
  43   0.1080  1.375  0.038 3.0 3.0
    46  46  48  54  56  75  55  45  47
  44  -0.1000  1.850  0.120 1.0 1.0
    56  75  55
  45  -0.1500  1.850  0.120 1.0 0.0
    55  75
  46   0.1500  1.375  0.038 1.0 0.0
    55  75
  47  -0.1500  1.850  0.120 1.0 0.0
    55  75
  48   0.1500  1.375  0.038 1.0 0.0
    55  75
  49  -0.1500  1.850  0.120 1.0 0.0
    55  75
  50   0.1500  1.375  0.038 1.0 0.0
    55  75
  51  -0.1500  1.850  0.120 1.0 0.0
    55  75
  52   0.1500  1.375  0.038 1.0 0.0
    55  75
  53  -0.1500  1.850  0.120 1.0 0.0
    55  75
  54   0.1500  1.375  0.038 1.0 0.0
    55  75
  55   0.6160  1.850  0.120 2.0 3.0
    62  71  73  75  72  60  61
  56  -0.5040  1.600  0.200 1.0 0.0
    60  75
  57  -0.4630  1.750  0.160 2.0 5.0
    65  71  75  75  73  74  62  63  64
  58   0.1260  1.000  0.020 2.0 3.0
    62  71  73  75  72  60  61
  59   0.0350  1.800  0.060 1.0 4.0
    68  71  75  67  65  66
  60   0.0480  1.375  0.038 2.0 5.0
    65  71  75  75  73  74  62  63  64
  61  -0.1510  1.800  0.060 2.0 3.0
    69  71  75  75  73  74  68
  62   0.0270  1.375  0.038 2.0 4.0
    68  71  73  75  72  67  65  66
  63   0.0270  1.375  0.038 2.0 4.0
    68  71  73  75  72  67  65  66
  64  -0.0540  1.800  0.060 1.0 4.0
    73  75  72  69  71  70
  65   0.0652  1.375  0.038 1.0 1.0
    69  75  68
  66   0.0652  1.375  0.038 1.0 1.0
    69  75  68
  67   0.7370  2.000  0.200 1.0 0.0
    72  75
  68  -0.1340  1.800  0.060 1.0 0.0
    72  75
  69   0.0652  1.375  0.038 1.0 0.0
    72  75
  70   0.0652  1.375  0.038 1.0 0.0
    72  75
  71   0.0652  1.375  0.038 1.0 0.0
    72  75
  72   0.6160  1.850  0.120 0.0 0.0

  73  -0.5040  1.600  0.200 0.0 1.0
    75
  74  -0.3800  1.650  0.150 0.0 0.0

  75   0.3800  1.000  0.020 0.0 0.0

   2   4   5  75
   4  21  22  75
   4   6   7  20
   6   9  10  20
  23  25  26  75
  25  28  29  75
  30  32  33  75
  32  35  36  75
  37  39  40  75
  39  55  56  75
  39  41  42  54
  41  44  45  54
  57  59  60  75
  59  72  73  75
  59  61  62  71
  61  64  65  71
  64  67  68  71
   1  29  7557  2385
   1  36  7557  2385
   1  56  7557  2385
   1  73  7557  2385
   3  29  7557  2385
   3  36  7557  2385
   3  56  7557  2385
   3  73  7557  2385
  22  31  7557  2385
  22  38  7557  2385
  22  58  7557  2385
  24  36  7557  2385
  24  56  7557  2385
  24  73  7557  2385
  29  38  7557  2385
  29  58  7557  2385
  31  56  7557  2385
  31  73  7557  2385
  36  58  7557  2385
  38  73  7557  2385
