           8
          23
          25
          26
          27
          28
          29
          30
          32
          47
          48
          49
          50
          51
          52
          54
          80
          81
          82
          84
          86
        1008
        1023
        1025
        1026
        1027
        1028
        1029
        1030
        1031
        1032
        1047
        1048
        1049
        1050
        1051
        1052
        1054
        1080
        1081
        1082
        1083
        1084
        1085
        1086
